1.002244110107421875e+02
9.931581115722656250e+01
9.856118011474609375e+01
9.682371520996093750e+01
9.824127960205078125e+01
9.769686889648437500e+01
9.928477478027343750e+01
9.989945220947265625e+01
9.936142730712890625e+01
9.881099700927734375e+01
9.980328369140625000e+01
1.010723342895507812e+02
7.498324584960937500e+01
7.376898193359375000e+01
1.233560714721679688e+02
4.402382659912109375e+01
5.376201629638671875e+01
1.001096038818359375e+02
1.675256013870239258e+00
6.564128994941711426e-01
2.000000000000000000e+03
9.019006347656250000e+01
8.794321441650390625e+01
9.815460968017578125e+01
1.785152343750000000e+03
3.832819366455078125e+01
1.215123748779296875e+02
1.041051635742187500e+02
9.464943695068359375e+01
9.810128021240234375e+01
9.681848144531250000e+01
9.117685699462890625e+01
9.745883941650390625e+01
9.964189147949218750e+01
9.876620483398437500e+01
9.987351989746093750e+01
9.926197814941406250e+01
9.845688629150390625e+01
9.953583526611328125e+01
9.980780029296875000e+01
9.955768585205078125e+01
9.951174926757812500e+01
9.760616302490234375e+01
1.326957821846008301e+00
9.953538513183593750e+01
8.816476440429687500e+01
8.622835540771484375e+01
1.007565231323242188e+02
9.450448608398437500e+01
6.299920654296875000e+01
8.898841094970703125e+01
9.680044555664062500e+01
7.383400726318359375e+01
8.003500366210937500e+01
9.710056304931640625e+01
9.417799377441406250e+01
9.644854736328125000e+01
9.907323455810546875e+01
9.813311767578125000e+01
9.893617248535156250e+01
9.915858459472656250e+01
9.953727722167968750e+01
9.895269775390625000e+01
9.910797119140625000e+01
9.950323486328125000e+01
9.947940826416015625e+01
