2.981664733886718750e+02
2.442283203125000000e+03
1.105446533203125000e+03
1.234149658203125000e+03
4.023009033203125000e+03
2.059135253906250000e+03
1.776875366210937500e+03
7.794235351562500000e+03
1.129555297851562500e+03
1.370214721679687500e+03
7.249034423828125000e+02
2.403903076171875000e+03
1.232030029296875000e+03
1.492067016601562500e+03
3.193972900390625000e+03
2.679140869140625000e+03
8.948169555664062500e+02
3.783609008789062500e+02
1.678504028320312500e+03
2.243267822265625000e+02
7.072905273437500000e+02
1.215015991210937500e+03
6.579509887695312500e+02
9.428685913085937500e+02
9.018783569335937500e+02
7.355095214843750000e+02
5.961733398437500000e+02
4.439274902343750000e+02
2.303457519531250000e+03
2.218621826171875000e+03
7.355343627929687500e+02
2.539252929687500000e+02
1.532994506835937500e+03
8.221921386718750000e+02
9.483448486328125000e+02
2.262270996093750000e+03
1.012410766601562500e+03
3.573178405761718750e+02
2.562238037109375000e+03
1.645922363281250000e+03
1.949113037109375000e+03
1.778240844726562500e+03
1.063857543945312500e+03
1.239231201171875000e+03
1.711389648437500000e+03
4.926073608398437500e+02
8.933928833007812500e+02
1.295566284179687500e+03
2.489292480468750000e+03
7.726004638671875000e+02
