3.543818054199218750e+02
4.489196472167968750e+02
6.032121093750000000e+03
4.005410400390625000e+03
6.041398437500000000e+03
4.041592578125000000e+04
3.956317749023437500e+02
3.685672912597656250e+02
5.897940917968750000e+03
4.010563964843750000e+02
4.035138244628906250e+02
6.194172363281250000e+03
3.530702343750000000e+04
5.761853125000000000e+04
4.777037890625000000e+04
2.167613476562500000e+04
3.268163476562500000e+04
1.102311914062500000e+04
8.765749375000000000e+05
9.220508125000000000e+05
9.057508750000000000e+05
1.401485839843750000e+04
2.603708007812500000e+04
4.210000390625000000e+04
8.980117500000000000e+05
9.459842500000000000e+05
2.168310312500000000e+05
4.055281640625000000e+04
7.842081250000000000e+04
4.060384375000000000e+04
3.555157031250000000e+04
4.906192968750000000e+04
3.624999609375000000e+04
5.122622680664062500e+02
1.083376708984375000e+03
4.704771728515625000e+02
5.394285888671875000e+02
9.687013549804687500e+02
4.500733337402343750e+02
5.960339965820312500e+02
9.969635009765625000e+02
4.199035949707031250e+02
1.151769843750000000e+05
8.746742500000000000e+05
3.210829882812500000e+04
5.228282421875000000e+04
3.613855078125000000e+04
9.912894531250000000e+03
2.045972851562500000e+04
5.537126953125000000e+04
2.506159960937500000e+04
1.148365039062500000e+04
2.008597851562500000e+04
2.084883789062500000e+04
7.754511718750000000e+03
5.926660644531250000e+03
4.961946777343750000e+03
1.110549682617187500e+03
4.280743713378906250e+02
4.366834716796875000e+02
1.772539794921875000e+03
4.336565551757812500e+02
5.463912963867187500e+02
1.293601196289062500e+03
3.904423828125000000e+02
5.796060791015625000e+02
