5.460502929687500000e+02
2.750174255371093750e+02
4.387388916015625000e+02
2.539156494140625000e+02
2.784136962890625000e+02
1.121343154907226562e+02
1.049619007110595703e+01
1.619641265869140625e+02
2.218766326904296875e+02
1.322209472656250000e+02
3.247292709350585938e+01
6.974191894531250000e+02
6.165884399414062500e+01
1.002666198730468750e+03
1.535850372314453125e+02
4.031838684082031250e+02
7.798040008544921875e+01
9.600406646728515625e+01
1.266449737548828125e+02
7.818298339843750000e+02
4.279621887207031250e+01
4.969096679687500000e+02
3.727691345214843750e+02
9.524595642089843750e+01
4.898181457519531250e+02
4.349871215820312500e+02
5.743738174438476562e+01
3.836876831054687500e+02
8.177661132812500000e+01
1.704780426025390625e+02
5.210522460937500000e+01
2.610756301879882812e+01
1.508405395507812500e+03
1.295855865478515625e+02
1.559956207275390625e+02
3.737387847900390625e+01
1.190850296020507812e+02
1.285338439941406250e+02
6.251357555389404297e+00
1.999376296997070312e+01
1.808324737548828125e+02
1.058871215820312500e+03
8.447743988037109375e+01
3.931422805786132812e+01
3.595424652099609375e+01
6.788485717773437500e+01
2.000000000000000000e+03
6.749977874755859375e+01
1.009185485839843750e+02
2.631136779785156250e+02
9.471717834472656250e+01
1.877765808105468750e+02
3.595890808105468750e+02
2.000000000000000000e+03
7.650179290771484375e+01
3.805005798339843750e+02
1.899363098144531250e+02
9.430897827148437500e+02
1.559596557617187500e+02
2.418040008544921875e+02
6.017574691772460938e+01
8.662128448486328125e+01
2.365384216308593750e+02
9.133557128906250000e+02
4.097309875488281250e+02
2.288641357421875000e+02
1.091238784790039062e+02
1.288852405548095703e+01
3.392158889770507812e+01
1.650964965820312500e+02
1.183507080078125000e+02
5.662391357421875000e+02
2.000000000000000000e+03
7.342312622070312500e+01
1.874158935546875000e+02
1.668837280273437500e+02
1.194528121948242188e+02
8.662456512451171875e+01
7.330987548828125000e+01
1.053390808105468750e+02
1.614874572753906250e+02
1.050308227539062500e+01
5.177968750000000000e+02
1.122535171508789062e+02
1.694775848388671875e+02
6.532052612304687500e+02
2.197492065429687500e+02
1.412156005859375000e+03
8.427338867187500000e+02
2.223171386718750000e+02
1.896115722656250000e+02
4.318251037597656250e+02
2.910867004394531250e+02
2.884015808105468750e+02
2.823603820800781250e+02
1.405531616210937500e+02
1.682530212402343750e+02
2.000000000000000000e+03
8.456390380859375000e+01
6.304244232177734375e+01
