4.096048583984375000e+02 2.456460876464843750e+02
2.186763916015625000e+03 1.108257934570312500e+03
1.087328491210937500e+03 9.161901245117187500e+02
2.159837402343750000e+03 1.350595336914062500e+03
2.591546630859375000e+03 1.830191528320312500e+03
2.742328613281250000e+03 5.143071875000000000e+04
2.145310546875000000e+03 8.110040283203125000e+02
6.801477539062500000e+03 4.763325000000000000e+04
4.993839062500000000e+04 6.583477172851562500e+02
1.066020385742187500e+03 4.416557617187500000e+02
2.444935455322265625e+02 5.067900000000000000e+04
4.310308593750000000e+03 2.407046386718750000e+03
2.972284423828125000e+03 4.798879296875000000e+04
1.580248657226562500e+03 1.264945800781250000e+03
5.457800292968750000e+03 3.023199707031250000e+03
2.805548583984375000e+03 3.187922607421875000e+03
1.077737915039062500e+03 1.733972167968750000e+03
2.431469268798828125e+02 2.116677856445312500e+02
3.234985839843750000e+03 2.226784667968750000e+03
4.543929138183593750e+02 3.057095336914062500e+02
4.352958593750000000e+04 1.662789062500000000e+03
1.247923828125000000e+03 4.184501953125000000e+02
5.847125244140625000e+02 8.570264282226562500e+02
1.713807495117187500e+03 9.687692871093750000e+02
4.936198828125000000e+04 8.062891235351562500e+02
2.891790161132812500e+02 8.357106323242187500e+02
6.359606323242187500e+02 1.565769042968750000e+02
5.650675048828125000e+02 1.800575714111328125e+02
3.653597900390625000e+03 1.682416137695312500e+03
3.023887207031250000e+03 1.697652099609375000e+03
1.078978027343750000e+03 1.121652221679687500e+03
2.433747253417968750e+02 1.865068511962890625e+02
9.393407592773437500e+02 7.831694335937500000e+02
4.143030468750000000e+04 9.117070007324218750e+01
5.072318359375000000e+04 1.561570434570312500e+03
1.602092651367187500e+03 5.130515625000000000e+04
1.399868164062500000e+03 1.726523071289062500e+03
3.189855041503906250e+02 5.004160937500000000e+04
2.124858398437500000e+03 5.123007812500000000e+04
3.739471191406250000e+03 2.186460205078125000e+03
2.044234008789062500e+03 4.934175781250000000e+04
6.872957763671875000e+02 1.429280151367187500e+03
5.834027099609375000e+02 4.093775000000000000e+04
5.830699462890625000e+02 1.033618286132812500e+03
1.979340820312500000e+03 6.442340087890625000e+02
2.661790771484375000e+02 3.136230773925781250e+02
5.072442578125000000e+04 1.289300170898437500e+03
1.764024658203125000e+02 5.064935937500000000e+04
4.201151855468750000e+03 3.135557373046875000e+03
6.802797851562500000e+02 3.474170532226562500e+02
