4.050885677337646484e+00
1.643577758789062500e+03
2.161140680313110352e+00
2.000000000000000000e+03
1.988993041992187500e+03
5.519873046875000000e+02
2.000000000000000000e+03
5.704679012298583984e+00
1.693553771972656250e+02
3.520174560546875000e+02
1.532928657531738281e+01
8.498574829101562500e+02
1.645197753906250000e+02
1.137378311157226562e+02
3.071022949218750000e+03
2.000000000000000000e+03
2.000000000000000000e+03
9.183943359375000000e+03
2.000000000000000000e+03
4.444570312500000000e+03
2.255385742187500000e+03
4.923762817382812500e+02
1.082368041992187500e+03
1.965423583984375000e+03
2.259011840820312500e+02
1.938686370849609375e+01
1.805354125976562500e+03
2.000000000000000000e+03
8.477087402343750000e+01
2.000000000000000000e+03
2.106719055175781250e+02
3.503182678222656250e+02
1.071668167114257812e+02
1.007586669921875000e+02
8.073023557662963867e-01
2.000000000000000000e+03
8.286474609375000000e+02
1.195585327148437500e+02
9.079433593750000000e+02
8.137056274414062500e+02
1.361223022460937500e+03
2.171488342285156250e+02
3.427452087402343750e+02
9.747562408447265625e+00
6.663739624023437500e+02
2.445640258789062500e+02
8.354496459960937500e+02
5.522335205078125000e+02
2.000000000000000000e+03
6.452730712890625000e+02
2.000000000000000000e+03
7.944173339843750000e+03
3.204083496093750000e+03
2.000000000000000000e+03
5.151435470581054688e+01
3.938322830200195312e+01
3.582493286132812500e+02
1.129708404541015625e+02
2.000000000000000000e+03
1.232035598754882812e+02
7.239837050437927246e-01
3.785682678222656250e+02
3.142394775390625000e+03
1.315823120117187500e+03
2.000000000000000000e+03
5.012945938110351562e+01
2.000000000000000000e+03
6.688842773437500000e+01
1.557040405273437500e+03
8.102850341796875000e+02
2.000000000000000000e+03
3.427123718261718750e+02
1.139516601562500000e+03
2.000000000000000000e+03
2.106762390136718750e+02
3.774397277832031250e+02
2.000000000000000000e+03
3.449239746093750000e+03
6.399328613281250000e+02
4.135607910156250000e+03
1.392569160461425781e+01
8.384179077148437500e+02
1.101303024291992188e+02
2.000000000000000000e+03
1.287745094299316406e+01
8.657339477539062500e+01
2.974404541015625000e+03
5.875755371093750000e+03
1.867114562988281250e+02
1.130173187255859375e+02
9.408618927001953125e+01
3.528574705123901367e+00
1.172494921875000000e+04
3.496512756347656250e+02
1.270933055877685547e+01
2.890469055175781250e+02
4.959614746093750000e+03
3.214520263671875000e+01
1.246059082031250000e+03
2.093450195312500000e+03
