-2.528099277159673974e+00 -8.853333615911250787e-01 -1.009530453501906289e+00 -2.876033504848607425e-02 7.663499873479244773e-01 1.296044041528657154e+00 -3.007013094428424571e-01 -2.358513081085529262e-01 5.738002870395055854e-01 4.647280514041863819e-01 1.288737830175885390e+00 9.717945156054470512e-01 5.937249165358217118e-01 1.363162551978124526e+00 -1.068125755545998423e+00
-6.608041267649146233e-01 2.805747832826552823e-01 -2.064094851510214212e-01 8.502577926867203040e-01 2.093973182328735527e-01 1.269840465532214302e-01 -2.302887826453909881e-01 1.695594346526633212e+00 6.070876032693178770e-01 5.855978118818477851e-01 6.547968905805638951e-01 1.629998985067723449e+00 1.558632546781390626e+00 5.713723687056202483e-01 1.246652667305748530e+00
-1.979355415401215179e+00 -2.709080610212767581e+00 -2.375872967823907445e+00 -2.610108333057053365e+00 -2.612294979293996899e+00 -2.619342442828513029e+00 -2.539183823589149291e+00 -2.597985955486352694e+00 -3.117032994770217780e+00 -3.109412552164608101e+00 -2.702991520282848281e+00 -2.582026684015028106e+00 -2.378531912336946608e+00 -2.816817211751024175e+00 -2.639513159921417884e+00
-5.847839193228218102e-01 -2.785281470532398607e-01 -2.034536754998571007e-01 -7.650133257169664525e-01 -7.736968956855564405e-01 -9.324056391253816578e-01 4.860432651653429081e-01 1.367551654185618637e-01 2.381993354011017194e-01 6.788367753702898022e-02 2.200696288057163441e-02 3.602450715017932459e-01 2.381286473635954026e-01 3.411514100455831366e-02 4.783341595376777722e-02
5.936168293344390445e-01 9.611163081058131663e-01 7.480979566894252475e-01 3.145241792749472465e-01 1.118217641541531249e-01 4.841942396346744504e-01 6.119166073821082907e-01 6.924572092324576822e-01 7.484266977349637306e-01 6.579483952304411298e-01 8.000207919629480635e-01 5.315801827794979229e-01 3.429820783389443406e-01 7.656290915062127223e-01 1.021108840334860046e+00
-2.271488721027914881e+00 -2.208192212507781527e+00 -2.270855670084392486e+00 -2.244763084733064407e+00 -2.351326645467711085e+00 -2.167791262235713834e+00 -2.357027108065374854e+00 -2.411396889126449228e+00 -2.233798546803817509e+00 -2.263823206521124565e+00 -2.196043047666800696e+00 -2.227779572789973628e+00 -2.296680481842940491e+00 -2.165456798189927756e+00 -2.214333510326742527e+00
-2.757173639964023426e-01 -1.566411752162041537e+00 -1.510891352419854616e+00 -1.373589124709060805e+00 -1.041203642373030425e+00 4.850956064132545542e-01 -5.431700442958909969e-01 4.887182484248031589e-01 -6.940922312388670967e-01 1.294135942863746114e-01 5.555214980399330038e-01 4.078192747919411748e-02 1.272316570923468504e+00 9.959044545618984667e-01 5.199357005924136743e-01
2.268918247205323535e+00 1.250387711951165493e+00 1.572351140234555800e+00 7.208614042723512361e-01 -1.397016697350638992e-01 8.213250113256949092e-01 5.791204174424823270e-01 5.916850728635461021e-01 2.702098134104968796e-01 5.149972808503620048e-01 1.627723350369348898e+00 1.155646582013122536e+00 1.243385862036332057e+00 1.379646623769338110e+00 1.034155509080350477e+00
-2.679393210316526552e+00 -2.563670982744235882e+00 -2.852218929077624310e+00 -2.420870108246676367e+00 -2.786712536262497597e+00 -2.675901909691380975e+00 -2.592933305361692753e+00 -2.418038162065212493e+00 -2.574187972046373396e+00 -2.690620323108716683e+00 -2.345362046340573769e+00 -2.328641221721136745e+00 -2.476387541656345892e+00 -2.393794639650018485e+00 -2.641178497855517726e+00
-1.766762217670506951e-01 -6.136787921981848859e-01 8.854421535490349937e-01 -2.179590669934484692e-01 -6.183887149756043256e-01 -8.932704639657798040e-01 -3.391337654672621493e-01 -9.412245446537229054e-02 -1.366471353454672411e+00 1.766255674495304656e-02 -2.284128681352554646e-01 -7.185807937156570846e-01 1.388681004685198950e+00 2.426978725686230742e-01 1.576353609305229053e+00
2.293892991694364558e-01 -3.283089339269729123e-01 6.644999634231403274e-01 4.131772379816233687e-01 -1.096152770134767751e+00 8.741169706948939133e-01 2.392487553466609018e-01 1.129163023798760657e+00 1.187108336788723406e+00 -6.171805378685526478e-01 1.041290924010918273e+00 1.710425325177950207e+00 5.576742407922941069e-02 1.383790689670370000e-01 4.526354906986665982e-01
-2.725613412905565802e+00 -2.848392028246156116e+00 -2.651071384096947536e+00 -2.708853305576794934e+00 -2.613023596051707198e+00 -2.746448443249634330e+00 -2.798380156572244815e+00 -2.274287079466481565e+00 -2.807899533902131317e+00 -2.655892571563745364e+00 -2.716686116142083662e+00 -2.720867038080393652e+00 -2.997833015635610554e+00 -2.985540128166779716e+00 -2.480360257076623220e+00
-3.409728761592177304e-01 -5.175920866077127203e-01 -4.556455991125086258e-01 -1.001496870818143980e+00 -9.434023295238422868e-01 -1.100963597734834876e+00 2.130215507907021188e-01 4.447773993077763777e-02 2.689108426316469957e-01 -2.407902224122496215e-02 4.898947160296945186e-02 1.394750682145930454e-01 7.011681314993079006e-01 8.589559398702528714e-01 7.392025767195798958e-01
8.964406491742514804e-01 9.500540454539195823e-01 9.668456650015593290e-01 4.487274092020343552e-01 4.383688979504436478e-01 4.704316034951783743e-01 9.507522587054052510e-01 9.560976475844690237e-01 9.550307781599827184e-01 1.113636575827847697e+00 1.042009757690935956e+00 1.039253877563268036e+00 7.355535268885454725e-01 8.422194296879355058e-01 8.301377311892147448e-01
-7.185120831010466391e-01 -7.525639388703271315e-01 -8.981680218844509955e-01 -7.548623812372396991e-01 -8.084894624938474550e-01 -7.992157220419070507e-01 -8.556572608833972193e-01 -9.435705594165125776e-01 -8.767975269947376749e-01 -7.453210293336955949e-01 -8.989645875276356390e-01 -9.790979453499175644e-01 -8.132484390454630674e-01 -7.936183388205166889e-01 -7.905818119228996688e-01
-7.874117343963246141e-01 -1.085069691525303526e+00 -8.468140196222551097e-01 -2.035698675454649553e+00 -2.128422631046427593e+00 -1.987093820766516306e+00 5.376194353035995688e-01 5.020642886669011151e-01 6.196780515941830991e-01 2.378992109048674586e-01 1.197684804087229826e-01 1.330937182984723022e-01 1.491649285947280745e+00 1.591197809054721413e+00 1.777267709366886717e+00
2.044665038388348677e+00 2.023990922851015117e+00 1.887884317904757525e+00 9.284303202365744578e-01 9.148285286238093672e-01 8.692117395680303282e-01 2.191091203458821468e+00 2.257054724018739744e+00 2.118102775579255415e+00 2.269263825504078902e+00 2.228010460531879566e+00 2.120547843881201100e+00 1.787047023987271110e+00 1.753760566253085962e+00 1.667324151153289469e+00
-8.724851567457797552e-02 -2.988643815664975278e-01 -2.914639206385220560e-01 -5.542027357041307001e-01 -3.881948092179188237e-01 -3.947463645318999292e-01 -5.865676906108493460e-01 -6.396885755380405936e-01 -3.542884525421109987e-01 -4.753366343554275564e-01 -5.423133734377642012e-01 -3.126052463815103821e-01 -3.510274952156746120e-01 -1.528108649942266084e-01 -2.130450775128568952e-01
-1.860866119840701507e-02 -2.593913465805181354e-02 -1.415984300644517434e-02 3.276994569008791214e-02 -1.055359681518409226e-02 3.045857311797958017e-03 2.828115146918402587e-02 9.117056532178501038e-04 -6.535472645202687787e-03 -2.745986438401447696e-02 -1.252599041821925684e-02 -1.867639881671050509e-02 -2.375906304969323257e-02 1.795403867996675160e-02 -2.141973389557658407e-03
4.768494788646221103e-03 -8.368514205398532024e-03 -4.307282473662812222e-02 1.526353528681155102e-03 -1.125233987229241200e-02 9.895162534595797199e-03 1.512580646424445743e-02 2.284927180215403156e-02 -3.355862830906129746e-03 -3.215035346063371824e-02 1.597562971906574952e-02 -4.705750806434013181e-03 1.809908392952798081e-02 -1.447807309077303768e-02 1.570477889934039292e-02
3.017527065956806739e-02 -1.645958975412125866e-02 -5.176806422680930997e-03 -9.773325135680555140e-04 1.025778723307105116e-02 -2.075927883143122848e-02 -7.462622655400969092e-03 4.180690088221262687e-03 2.028258872552572960e-03 1.136232897414479748e-02 -1.487784571383851152e-02 -4.344786136602856418e-04 -1.383276401801459242e-02 3.014936958808715414e-02 3.000342018593472274e-03
1.230488688686173504e-01 2.878600445097630467e-01 4.249308624223774311e-01 8.275611345702329480e-01 7.781316293721141086e-01 8.936533956276818680e-01 -1.240180611069510025e-01 -2.026443511999273528e-01 -1.457545119053965665e-01 -2.407878429002399678e-02 -8.148025742795081405e-02 -3.087781404796968027e-02 -5.489836000748448130e-01 -6.575701029823708410e-01 -4.814636253196785121e-01
-8.405055143703088483e-01 -7.694300344454557683e-01 -7.292056098583150625e-01 -4.091097212070120004e-01 -3.283157965821550950e-01 -4.787840053499290427e-01 -8.717677324076753553e-01 -9.181013704485109228e-01 -8.751162033195123424e-01 -9.698071270774636377e-01 -9.639611623821087161e-01 -8.803105204532961636e-01 -6.109213705593808941e-01 -6.113729574390718291e-01 -8.054427377630093421e-01
-4.806140156391419671e-01 -3.233778159161123655e-01 -4.165150748935353420e-01 -4.394256155454261958e-01 -3.414442099699778188e-01 -4.209576070001953552e-01 -4.938884044813365293e-01 -3.769959627054535467e-01 -4.676092031228260004e-01 -4.757288362971316409e-01 -3.451246404044057692e-01 -5.204834986293774834e-01 -3.671373293502331325e-01 -4.099136168784587309e-01 -3.669805332366626316e-01
6.531346306861190998e-02 6.091077479665401445e-02 1.067692198274140941e-01 5.260472177276567796e-02 6.586419294593851004e-02 4.781386109882535679e-02 7.340401116743523746e-02 6.254410188340132903e-02 8.037058571792247974e-02 8.399357182592423476e-02 6.155810336112869929e-02 6.570893250596362978e-02 6.352786891885529863e-02 6.962221984617433801e-02 4.063028488403923333e-02
-1.239270606400037777e-02 -1.099487936460440997e-02 1.460669537654935013e-02 1.932423422819388309e-02 -1.652203331470081943e-02 -9.041363326429791361e-03 -2.359550874684206850e-02 -3.341014279721624125e-02 8.022754001753028275e-03 -1.346921807960714187e-02 -7.141052128936779819e-04 5.036666692397152173e-03 -1.613361120933257120e-02 -2.453529948846479639e-02 -2.687015970331102857e-03
1.418193780662579506e+00 1.385784657117960839e+00 1.468140351583924641e+00 1.417058192570168407e+00 1.443153588804171106e+00 1.437629032815076258e+00 1.455175255205109597e+00 1.394646662783817881e+00 1.448467247132274149e+00 1.394251635874781181e+00 1.408950116790633977e+00 1.469336911225799458e+00 1.399444996906282990e+00 1.413788330143163963e+00 1.489057656758024484e+00
-4.992793601620158506e-01 -4.693945838341924137e-01 -3.857549042164601927e-01 -4.262380421297553013e-01 -4.076155332343054938e-01 -5.783071605395158077e-01 -4.511848027051785781e-01 -4.749977627535411639e-01 -3.106740275994788747e-01 -4.850900920718973497e-01 -4.610405916657926984e-01 -4.306674093284126315e-01 -4.446457472749614226e-01 -3.945150847398822824e-01 -4.419022846316517095e-01
1.019767238718940705e+00 9.808481710820722288e-01 9.734690372850349771e-01 9.026620935374908283e-01 8.508932717305965898e-01 8.954991977630044619e-01 7.815713043054913767e-01 9.748362003044838131e-01 9.246740700480687858e-01 1.005847965577353342e+00 9.404625334686099736e-01 9.199628994384732028e-01 9.401518481345180200e-01 9.944310359319149528e-01 8.933219512642159854e-01
1.711182913540997275e+00 1.714288433570755332e+00 1.850764318393313790e+00 1.885568782258465692e+00 1.897286766828458093e+00 1.694697243482905069e+00 1.669807010081268306e+00 1.840329948780367486e+00 1.812768900355966828e+00 1.713242047419034852e+00 1.869340328208187074e+00 1.902092475428796003e+00 1.807475451166067781e+00 1.701262325482303606e+00 1.702536380191614462e+00
-7.925622016705500261e-01 -9.207242286425502131e-01 -8.512177164210232849e-01 -6.692152922096576972e-01 -6.957958764117025963e-01 -7.019139002125909244e-01 -7.825284482808652076e-01 -7.920340419439750868e-01 -7.962093786292963049e-01 -1.003925117760080088e+00 -9.918520938012844734e-01 -9.361710636648961081e-01 -8.178305965983166947e-01 -7.858113989846724490e-01 -7.440814462759661740e-01
-1.113247508713127276e+00 -1.007647688237718997e+00 -1.201596204519982170e+00 -1.250869913018513913e+00 -1.121761139538188567e+00 -1.136713787408258902e+00 -1.100918266799008283e+00 -1.137490752551973738e+00 -1.078707330382082441e+00 -1.216116709689833097e+00 -1.047952846000592908e+00 -1.053082785253598441e+00 -1.202532692633921707e+00 -1.124611708114057418e+00 -1.061295468781055185e+00
2.072817142971919324e+00 2.005684255940698435e+00 1.689196601150079191e+00 1.973100934677383567e+00 1.909199401931954920e+00 2.147064587079833942e+00 1.919770265431249623e+00 1.986359900391204913e+00 1.993606545382173634e+00 2.077076828320291391e+00 2.016342187503157746e+00 2.037481377864779564e+00 1.936303426516122972e+00 2.141541196663309332e+00 2.008485580002397519e+00
-3.387434798211435005e-01 3.179503209282437126e-01 -1.494294872051981971e+00 -3.020623518209852865e+00 -1.777575447108568962e+00 -5.817480429517404295e-01 -2.084382686953182073e+00 -1.691069211655692239e+00 -1.119315240550179613e+00 -1.750454310638309252e+00 -1.654256139751905774e+00 -7.477356728840875988e-01 -1.780343119731587986e+00 -1.233402861299387476e+00 -5.420462842123223712e-01
-1.229423809292849112e+00 -1.643204013110012074e+00 -1.926553643332524768e+00 -1.075829998013603461e+00 -1.955428078207852582e+00 -1.602455520779347165e+00 -1.491894308612172981e+00 -6.639983417740807914e-01 -1.751564216658119122e+00 -1.127253648172695799e+00 -1.022999873537963733e+00 -8.057041936153861439e-01 -1.836252351670646155e+00 -2.249991438607042760e+00 -1.620321207739435776e+00
2.335913949816432744e+00 2.105009233754778997e+00 1.001240069659081522e+00 1.497991322048233931e+00 2.114185132630540753e+00 2.486497455563178693e+00 2.167359019672951082e+00 1.915198980139297458e+00 1.135152696371007686e+00 1.694059270203755130e+00 2.043984867819391482e+00 1.979590060957703512e+00 2.369905124225846205e+00 1.734128319678474472e+00 2.435500794157265503e+00
-7.831155095019951551e-01 -8.923979243007000850e-01 -8.975917409470726138e-01 -1.386663629072384607e+00 -5.591201041165589913e-01 -1.045212216927234206e+00 -5.824640827686817790e-01 -6.344585809475584703e-01 -2.384686392928396792e-01 -1.099621683093070956e+00 -9.726364590217675410e-01 -7.942029974618054489e-01 -9.912077460943696794e-01 -1.658999994021595370e+00 -1.514224097666086122e+00
-1.501776547009569640e+00 -9.213377868577889984e-01 -1.187302228329787157e+00 -1.632677156153995002e+00 -9.700946532333555306e-01 -1.214108442303512447e+00 -1.981632576041973515e+00 -2.090210893769375744e+00 -1.429212076690069777e+00 -1.825599946509703031e+00 -1.474358723997072573e+00 -2.679138141272589646e+00 -1.983575206783730227e+00 -2.240699309535475248e+00 -2.106141090553021566e+00
3.068457811027339943e+00 1.686867002243572777e-01 2.413340513825216860e+00 1.053921094563292415e+00 2.848722558245113223e+00 3.036158188322142681e+00 2.649247788398249703e+00 2.326431178856615656e+00 1.243466321724347790e+00 2.567108976158509748e+00 2.906782328377726987e+00 2.474222211422481887e+00 2.345016573441647711e+00 1.937060056656228824e+00 1.444632622261111443e+00
-1.370415474676877299e+00 3.310617749817466038e-01 -2.592701112871703018e+00 -1.816606342501252414e+00 -2.487488938160338670e+00 -1.507332182015178601e+00 -1.452856971441139233e+00 -5.062826256158516891e-01 -4.291830430562980636e-01 -1.045372180849411636e+00 -8.044249302909487476e-01 -2.100702701267780803e+00 -7.051553223167763562e-01 -3.939986703399072088e-01 -6.990323631233772428e-01
-1.269180564585519644e+00 -9.423829162215153765e-01 -1.148394224469121649e+00 -1.254596105303068532e+00 -1.690905934057573168e+00 -1.233138413688039003e+00 -1.396135917399850435e+00 -2.866168095070731336e-01 -1.162812796462103559e+00 -6.437813267451976129e-01 -9.959562272800150939e-01 -1.575944634331634120e+00 -1.325548164914280846e+00 -1.055592713123818971e+00 -1.325607594776138320e+00
1.976466896494008196e+00 2.293267811098019582e+00 1.723304717747513148e+00 2.095419712578774796e+00 2.317350325313286330e+00 1.081958478912316224e+00 2.535249141742635715e+00 1.843763364845431019e+00 2.691763576034746919e+00 2.918796020103577415e+00 1.779590790128184885e+00 1.726183547439611665e+00 1.868641710921181254e+00 2.823407896828112662e+00 3.128403812582650989e+00
1.422060341544390205e+00 1.463908851730985283e+00 1.494572587399215502e+00 1.513138354963239340e+00 1.384874344526740408e+00 1.471103703709346178e+00 1.422924362544248256e+00 1.461751686170698505e+00 1.502813282350417889e+00 1.380727876545057686e+00 1.406872813797433341e+00 1.376663672034653452e+00 1.413410595192168939e+00 1.422255403187320910e+00 1.434295029888157158e+00
1.467536316814662799e-03 8.834261528376054218e-03 2.947318588288187768e-02 -7.657695563294635716e-03 1.937814425778553850e-03 9.257305455805600256e-03 -9.574323473974034535e-03 -8.273357649781269002e-03 4.043184818906237106e-03 1.908761287446367541e-02 6.482180675207054911e-03 -2.266037613966118136e-02 -1.059545007795907948e-02 -1.349073491695642474e-02 9.678120193951955316e-03
1.875193054229160383e+00 1.919386145984984138e+00 1.935414521473008076e+00 2.023412993126880277e+00 2.144014596123783534e+00 1.920904182517805037e+00 2.095669393936829827e+00 2.079994314667883426e+00 2.200530328657474222e+00 2.048785615878464306e+00 2.038065215001554797e+00 2.053467219028164870e+00 2.172423502353258762e+00 2.045093739638659702e+00 2.032528862690324623e+00
2.089376452299138709e+00 2.095468444058020463e+00 2.020519619369885334e+00 2.374992109117738615e+00 2.494975300587467970e+00 2.380951697546321189e+00 2.303539989687557021e+00 2.328405922364405356e+00 2.371200952017880947e+00 2.301274002354504855e+00 2.309227788750284560e+00 2.241785604812860822e+00 2.323294724869115591e+00 2.399534150134882360e+00 2.330363577816749299e+00
-1.017878819575688265e+00 -1.095280235698389282e+00 -9.749835435721145860e-01 1.467117208492638436e-01 1.950254017516301897e-01 1.307448435209458137e-01 -7.140203315460392774e-01 -5.370204973223234868e-01 -7.197319193025608630e-01 -7.150158821049144020e-01 -7.077460656977129227e-01 -7.317034127785646547e-01 -7.585132863164215644e-01 -7.098275028907142792e-01 -7.545753919644491159e-01
1.982614833892245354e+00 2.059296514548676349e+00 2.307211906286941616e+00 9.978882948969584055e-01 1.036004517330616936e+00 9.944069053923070278e-01 1.789282110940341175e+00 1.549367692436662169e+00 1.673605443758486189e+00 1.706224485245090294e+00 1.615549127090176729e+00 1.427190301163610009e+00 1.563633232861726841e+00 1.523929117152310164e+00 1.814696250793083276e+00
1.907509943007645647e+00 1.989414809057772793e+00 1.978492741661723731e+00 1.649250492684830594e+00 1.705742214938410051e+00 1.783879155298879748e+00 1.496962979894587153e+00 1.652669865723207954e+00 1.656578732045892677e+00 1.621286612973430463e+00 1.525252062144294207e+00 1.634155535084409694e+00 1.746182474938601459e+00 1.710839894414913687e+00 1.714363298277877146e+00
1.157750673391313656e+00 1.214178911381146309e+00 1.203584779695687335e+00 -1.336286447452212922e-01 -3.020787649720493850e-02 -2.708482773056737902e-01 8.508587445728394982e-01 8.481936510160230647e-01 8.469182986960774873e-01 8.086580170182579019e-01 8.674237476311369432e-01 8.431027090648276490e-01 8.843783754165633892e-01 7.748000654801096010e-01 8.105624503156537708e-01
2.378775126734550494e+00 2.362146407590528518e+00 2.373030616632579193e+00 3.280404702939312855e+00 3.224723864369133164e+00 3.396346940257082281e+00 2.812794921727229003e+00 3.052388365528218017e+00 3.052387630094024917e+00 2.914885444230700617e+00 2.986022306733889131e+00 3.015582362966533925e+00 3.077774624442592977e+00 2.976838177770592342e+00 3.115022678120987987e+00
1.547193038332402848e+00 1.435144102043516945e+00 1.460198479063229193e+00 5.313810705407780999e-01 8.357535032553106147e-01 8.737158343344908484e-01 8.092786910687860269e-01 5.961048483517307206e-01 9.557728697369970439e-01 7.565032213544813366e-01 8.848370348915975958e-01 8.164284217755366502e-01 8.123772051453465037e-01 1.014208735123895311e+00 9.933837585008197246e-01
2.104308502226017730e+00 1.850649534013932840e+00 1.947608400666075434e+00 -4.777783449443104291e-01 -3.305570281635942798e-01 -1.619098061906235064e-01 1.434580116828980456e+00 1.193194719310447516e+00 1.332135812067210878e+00 1.469766179344752510e+00 1.576565985125794267e+00 1.367447185774485652e+00 1.299327186646554555e+00 1.352618830141553818e+00 1.325497522737214551e+00
2.175048938495251161e+00 2.197125672942936259e+00 2.123676803941384250e+00 3.763666444175792325e+00 3.889072971609234042e+00 3.939936214577790530e+00 3.357095545500205169e+00 3.245060099793719122e+00 3.359595415004835051e+00 3.318724828439955310e+00 3.246114584259703673e+00 3.247294166517824099e+00 3.453542399419490483e+00 3.417404747775464546e+00 3.324412019608466995e+00
2.972070060324303764e+00 3.397183341952063174e+00 3.512743645104175805e+00 2.762671210929033894e+00 3.002203389502930087e+00 2.964088237257628489e+00 2.842077906483545302e+00 2.822788454203650321e+00 2.693656721258485209e+00 2.971391069517121952e+00 2.944176157694753382e+00 2.969659423687377675e+00 2.837148490533348166e+00 3.152733893036433699e+00 2.866654919173714067e+00
1.623817363331954367e+00 1.719901990745499543e+00 1.527702449143002017e+00 -4.207475048265861828e-01 -1.893959181849588225e-01 -2.050855343997368962e-01 1.140102106544903959e+00 7.883512793364237936e-01 9.405419922329065763e-01 1.106855700191550440e+00 7.852467591462184426e-01 1.296028712039178687e+00 1.114914485164276270e+00 8.610975936917021345e-01 8.733993369994934586e-01
2.999944935749139230e+00 2.842557253092447667e+00 3.129432272597232334e+00 4.027178265566849547e+00 4.010684556042501292e+00 3.854934218175381844e+00 3.763244809435905669e+00 3.631092959461930558e+00 3.827864101549644182e+00 3.796693927113348632e+00 3.766894506725391167e+00 3.755336283662956909e+00 3.602072957828712507e+00 3.756197996214674983e+00 3.614359982118434012e+00
4.659620988250085638e+00 3.480126122472825934e+00 3.563050956172777006e+00 4.205198952098037957e+00 2.724592628580841502e+00 2.889205635511213899e+00 3.177746253899770945e+00 3.631395938868771101e+00 3.142636913841743151e+00 3.688140267170757269e+00 3.544821350635209534e+00 3.725053637710900922e+00 3.141928282960207763e+00 3.056653313758574964e+00 3.034398981763302583e+00
2.085720558562311755e+00 1.066946449927295149e+00 2.395338348925977634e+00 -2.721523245763300403e-01 -1.505998652825144557e+00 -9.476563939621722721e-01 4.607692191404657578e-01 -4.108085875567808465e-01 1.207159571067387027e+00 1.336461044517429420e+00 1.267155632548464750e+00 2.042540383754720246e+00 1.081890982165405690e+00 2.374891540024661740e-01 1.725351840407217452e+00
2.755733669149901033e+00 4.048842179180486056e+00 2.860849454416657167e+00 5.769629569839586303e+00 4.738089222694495284e+00 6.211295814780513069e+00 5.310135638969987859e+00 3.268401528126792854e+00 4.748397485503480731e+00 4.488014398741375643e+00 4.000107409511860723e+00 3.161168823315018805e+00 4.178441381175034941e+00 2.231150907725302890e+00 3.595080320711942168e+00
4.085404991778683659e+00 3.538953727511486846e+00 3.218613486047910754e+00 2.928365312878445703e+00 3.033514311981870382e+00 3.560275927325135203e+00 3.504945368719949439e+00 3.104006908183105651e+00 3.183179793658233780e+00 2.932956553990682114e+00 3.469710565749222653e+00 3.527550618118160841e+00 2.923809855007300396e+00 2.674955443013505185e+00 3.108688933846328162e+00
1.343379807018038274e+00 1.799639099104576312e+00 2.836852606086647910e+00 -1.636405844284947841e+00 -3.355375352550424850e-01 -6.556632419956492930e-02 1.147184745720025045e+00 6.065466514788000474e-01 8.310316333433529490e-01 -6.864886284699878161e-02 1.770173826415374574e+00 2.446319683370437925e+00 1.740738492575421903e+00 1.364112775652842169e+00 7.038889249328070807e-01
2.984921802350047670e+00 3.237522116285447726e+00 3.062015662616494716e+00 2.702151835549807757e+00 4.032758340741423808e+00 3.503477976101917690e+00 4.337064117095696503e+00 4.276404301145650955e+00 3.683360123470701186e+00 3.461813406978550667e+00 3.306881906509740343e+00 4.410896821780393218e+00 2.933445199315459107e+00 4.484158744966919130e+00 5.178136378063285861e+00
3.727493930913604814e+00 3.519441143419678397e+00 3.319525363487841663e+00 2.452193447843603380e+00 3.649458328326796952e+00 2.630806247736280579e+00 4.259355789646258827e+00 3.593250240482611435e+00 4.097069565674894775e+00 3.622102526347720008e+00 3.696870241986679240e+00 4.061479174110957047e+00 3.380339129959532229e+00 3.991360602043129369e+00 3.646086617792018369e+00
1.933272262503274996e+00 2.060824494661508854e+00 7.586395916247318238e-01 5.118479437532916787e-01 1.766799008152127037e-01 8.669126204217090237e-01 1.831168978158823624e+00 8.705684183674344823e-01 1.459022210894492799e-01 1.926307902922965498e+00 -2.816961907094319706e-01 6.057932994995405274e-01 1.360260740118517830e+00 2.590407967451748283e-01 5.047118612637783164e-01
2.239234032812828179e+00 1.827623068519012683e+00 3.205431860664690547e+00 3.173405660506263715e+00 4.805971014475559855e+00 3.802282500654680764e+00 4.011144239513277476e+00 3.781759535480615497e+00 3.159328449185565102e+00 3.899685817585485381e+00 3.004200140930280316e+00 3.531783320207097621e+00 3.778370609863053620e+00 3.812372486927477766e+00 2.576654094837474318e+00
